5 1
1 2 3 4 5
2 1
3 2
4 2
5 3
10
----------------------------------------------------------
5 2
1 2 3 4 5
2 1
3 2
4 2
5 3
15
----------------------------------------------------------
6 1
1 2 3 4 5 6
1 3
2 4
3 5
4 5
4 6
17
----------------------------------------------------------
6 2
1 2 3 4 5 6
1 3
2 4
3 5
4 5
4 6
21
----------------------------------------------------------
6 1
1 2 3 4 5 6
1 5
1 6
2 4
2 5
3 6
12
----------------------------------------------------------
10 1
1 2 3 4 5 6 7 8 9 10
1 4
1 5
2 4
3 5
3 8
3 10
4 9
6 10
7 10
26
----------------------------------------------------------
10 2
1 2 3 4 5 6 7 8 9 10
1 4
1 5
2 4
3 5
3 8
3 10
4 9
6 10
7 10
42
----------------------------------------------------------
10 3
1 2 3 4 5 6 7 8 9 10
1 4
1 5
2 4
3 5
3 8
3 10
4 9
6 10
7 10
55
----------------------------------------------------------
10 4
1 2 3 4 5 6 7 8 9 10
1 4
1 5
2 4
3 5
3 8
3 10
4 9
6 10
7 10
55
----------------------------------------------------------
